# sensor1: 
600,600,600,600,600,600,600,600,600,600,600,600,600,600,600,600,600,600,600,600,600,600,600,600,600,600,600,600,600,600,600,600
# sensor2: 
600,600,600,600,600,600,600,600,600,600,600,600,600,600,600,600,600,600,600,600,600,600,600,600,600,600,600,600,600,600,600,600
# sensor3: 
600,600,600,600,600,600,600,600,600,600,600,600,600,600,600,600,600,600,600,600,600,600,600,600,600,600,600,600,600,600,600,600
# sensor4: 
600,600,600,600,600,600,600,600,600,600,600,600,600,600,600,600,600,600,600,600,600,600,600,600,600,600,600,600,600,600,600,600
# sensor5: 
600,600,600,600,600,600,600,600,600,600,600,600,600,600,600,600,600,600,600,600,600,600,600,600,600,600,600,600,600,600,600,600
# sensor6: 
600,600,600,600,600,600,600,600,600,600,600,600,600,600,600,600,600,600,600,600,600,600,600,600,600,600,600,600,600,600,600,600
# sensor7: 
600,600,600,600,600,600,600,600,600,600,600,600,600,600,600,600,600,600,600,600,600,600,600,600,600,600,600,600,600,600,600,600
# sensor8: 
600,600,600,600,600,600,600,600,600,600,0,600,0,600,600,600,600,600,600,600,600,600,600,600,600,600,600,600,600,600,600,600
# sensor9: 
58,75,95,77,72,90,80,97,71,80,80,86,50,84,90,78,79,71,99,77,69,83,58,79,70,79,72,62,98,85,73,78
# average: 
540,542,544,542,541,543,542,544,541,542,476,543,472,543,543,542,542,541,544,542,541,543,540,542,541,542,541,540,544,543,541,542
# sensor1: 
600,600,600,600,600,600,600,600,600,600,600,600,600,600,600,600,600,600,600,600,600,600,600,600,600,600,600,600,600,600,600,600,600,600
# sensor2: 
600,600,600,600,600,600,600,600,600,600,600,600,600,600,600,600,600,600,600,600,600,600,600,600,600,600,600,600,600,600,600,600,600,600
# sensor3: 
600,600,600,600,600,600,600,600,600,600,600,600,600,600,600,600,600,600,600,600,600,600,600,600,600,600,600,600,600,600,600,600,600,600
# sensor4: 
600,600,600,600,600,600,600,600,600,600,600,600,600,600,600,600,600,600,600,600,600,600,600,600,600,600,600,600,600,600,600,600,600,600
# sensor5: 
600,600,600,600,600,600,600,600,600,600,600,600,600,600,600,600,600,600,600,600,600,600,600,600,600,600,600,600,600,600,600,600,600,600
# sensor6: 
600,600,600,600,600,600,600,600,600,600,600,600,600,600,600,600,600,600,600,600,600,600,600,600,600,600,600,600,600,600,600,600,600,600
# sensor7: 
600,600,600,600,600,600,600,600,600,600,600,600,600,600,600,600,600,600,600,600,600,600,600,600,600,600,600,600,600,600,600,600,600,600
# sensor8: 
600,600,600,600,600,600,600,600,600,600,0,600,0,600,600,600,600,600,600,600,600,600,600,600,600,600,600,600,600,600,600,600,600,600
# sensor9: 
58,75,95,77,72,90,80,97,71,80,80,86,50,84,90,78,79,71,99,77,69,83,58,79,70,79,72,62,98,85,73,78,74,82
# average: 
540,542,544,542,541,543,542,544,541,542,476,543,472,543,543,542,542,541,544,542,541,543,540,542,541,542,541,540,544,543,541,542,542,542
# sensor1: 
600,600,600,600,600,600,600,600,600,600,600,600,600,600,600,600,600,600,600,600,600,600,600,600,600,600,600,600,600,600,600,600,600,600,600,600
# sensor2: 
600,600,600,600,600,600,600,600,600,600,600,600,600,600,600,600,600,600,600,600,600,600,600,600,600,600,600,600,600,600,600,600,600,600,600,600
# sensor3: 
600,600,600,600,600,600,600,600,600,600,600,600,600,600,600,600,600,600,600,600,600,600,600,600,600,600,600,600,600,600,600,600,600,600,600,600
# sensor4: 
600,600,600,600,600,600,600,600,600,600,600,600,600,600,600,600,600,600,600,600,600,600,600,600,600,600,600,600,600,600,600,600,600,600,600,600
# sensor5: 
600,600,600,600,600,600,600,600,600,600,600,600,600,600,600,600,600,600,600,600,600,600,600,600,600,600,600,600,600,600,600,600,600,600,600,600
# sensor6: 
600,600,600,600,600,600,600,600,600,600,600,600,600,600,600,600,600,600,600,600,600,600,600,600,600,600,600,600,600,600,600,600,600,600,600,600
# sensor7: 
600,600,600,600,600,600,600,600,600,600,600,600,600,600,600,600,600,600,600,600,600,600,600,600,600,600,600,600,600,600,600,600,600,600,600,600
# sensor8: 
600,600,600,600,600,600,600,600,600,600,0,600,0,600,600,600,600,600,600,600,600,600,600,600,600,600,600,600,600,600,600,600,600,600,600,600
# sensor9: 
58,75,95,77,72,90,80,97,71,80,80,86,50,84,90,78,79,71,99,77,69,83,58,79,70,79,72,62,98,85,73,78,74,82,75,71
# average: 
540,542,544,542,541,543,542,544,541,542,476,543,472,543,543,542,542,541,544,542,541,543,540,542,541,542,541,540,544,543,541,542,542,542,542,541
# sensor1: 
600,600,600,600,148,74,106,600,600,600,600,600,600,600,600,600,600,600,600,600,600
# sensor2: 
600,600,600,600,161,88,600,600,600,600,600,600,600,600,600,600,600,600,600,600,600
# sensor3: 
600,600,600,600,105,600,600,600,600,600,600,600,600,600,600,600,600,600,600,600,600
# sensor4: 
600,600,600,600,85,71,600,600,600,600,600,600,600,600,600,600,600,600,600,600,600
# sensor5: 
600,600,600,600,112,42,600,600,600,600,600,600,600,600,600,600,600,600,600,600,600
# sensor6: 
600,600,600,600,102,600,600,600,600,600,600,600,600,600,600,600,600,600,600,600,600
# sensor7: 
600,600,600,600,600,600,600,600,600,600,600,600,600,600,600,600,600,600,600,600,600
# sensor8: 
600,600,600,600,600,600,600,600,600,600,600,600,600,0,600,600,600,600,600,600,600
# sensor9: 
80,91,77,86,95,86,108,84,81,91,97,73,85,90,76,102,85,77,84,88,81
# average: 
542,543,542,543,223,307,490,543,542,543,544,541,543,477,542,545,543,542,543,543,542
# sensor1: 
600,600,600,600,148,74,106,600,600,600,600,600,600,600,600,600,600,600,600,600,600,600,600,600,600,600,600,600,600,600,600,600,600
# sensor2: 
600,600,600,600,161,88,600,600,600,600,600,600,600,600,600,600,600,600,600,600,600,600,600,600,600,600,600,600,600,600,600,600,600
# sensor3: 
600,600,600,600,105,600,600,600,600,600,600,600,600,600,600,600,600,600,600,600,600,600,600,600,600,600,600,600,600,600,600,600,600
# sensor4: 
600,600,600,600,85,71,600,600,600,600,600,600,600,600,600,600,600,600,600,600,600,600,600,600,600,600,600,600,600,600,600,600,600
# sensor5: 
600,600,600,600,112,42,600,600,600,600,600,600,600,600,600,600,600,600,600,600,600,600,600,600,600,600,600,600,600,600,600,600,600
# sensor6: 
600,600,600,600,102,600,600,600,600,600,600,600,600,600,600,600,600,600,600,600,600,600,600,600,600,600,600,600,600,600,600,600,600
# sensor7: 
600,600,600,600,600,600,600,600,600,600,600,600,600,600,600,600,600,600,600,600,600,600,600,600,600,600,600,600,600,600,600,600,600
# sensor8: 
600,600,600,600,600,600,600,600,600,600,600,600,600,0,600,600,600,600,600,600,600,0,600,600,600,600,600,600,600,600,600,600,600
# sensor9: 
80,91,77,86,95,86,108,84,81,91,97,73,85,90,76,102,85,77,84,88,81,87,99,62,78,75,93,93,88,85,77,82,66
# average: 
542,543,542,543,223,307,490,543,542,543,544,541,543,477,542,545,543,542,543,543,542,476,544,540,542,542,544,544,543,543,542,542,541
